74.64477352805945,2.8339181683804906,-9.711542182437231,7.867973362110092,6.025685065777475,14.43396731573864,4.4628288253940696,5.209367300552997,3.118540741198855,-2.4213696531085063,6.972552104158518,-0.4172054646807949,-3.4056878555109718,-0.7576103418546523,-6.3451484267392955,-2.031158557433704,13.059469289658564,3.730911839970297,0.9550209872151985,-2.9327565537326525,0.06548968853211042,-3.5858483760200603,-1.6200355597464609,5.877915621892708,7.480720099519595,3.6707741403816714,8.47668998503015,-4.090634560421455,-7.2260483230688255,7.222277213902202,-11.162272318756408,-3.1743831443284742,-10.545809057289567,6.309027370922438,0.7209069389501936,15.143514833047766,-3.7428952932881967,4.154600463216111,-2.9683939982233616,6.492073678497036,10.730129929048829,4.364518988689411,-4.512870644216047,5.846693442281767,6.158361906997851,-16.169818148575864,-1.7676849918741682,-11.730600728290545,2.4607061106118886,-6.7190700249913435,10.599309663762266,-6.398081255444046,3.281350714455596,-10.859431949236404,-16.654927797398653,-1.2320302529416716,3.0874967409888794,8.017226619378713,-3.368186453345204,-5.809775324985107,1.7742747456324934,9.423664099416639,-12.648659539768012,-14.155960609454693,-6.518944441318691,-3.147538171047484,5.3890560900131845,-0.43553643971757694,-10.088931602110309,-12.5977161908436,9.835274321213712,-7.023228759951033,-9.4716031123544,9.89736642052488,-3.6133962402017925,8.380557085907846,3.912068837486199,3.7640888587400667,-13.249516457839198,4.722964467049399,0.32609490112122863,-9.268382128038482,-17.29705096622788,-7.315495339898306,-0.15903891639282255,6.219648205876,-0.7133200220216438,-2.282802933308502,-10.395203493759004,-1.345913258827338,21.92701220527319,-0.6582900605560764,3.0322131047138994,6.2037996577367975,-6.66991603722141,4.331119401729871,1.4354172884760272,-17.254416349224503,-5.928289757937035,1.218620147781331
2.8339181683804906,91.22685316982114,-6.403541364006312,-10.145209663144856,3.6955141340254527,-6.9090710766612125,-16.59593602422194,2.378207893343318,3.8918157533354507,-3.269059705115848,9.814221226894066,8.581266988582035,-15.87080138233012,-6.66572976104671,6.693425267702248,-13.010718957657032,7.555067915099231,11.28555518410393,-13.397821668244573,0.9604788203570475,5.990926647191689,-5.459621553783538,-8.867695996497318,-2.9292279948643984,5.061751476933708,-3.0779411113679283,-20.5719898399448,0.8234015414894259,-10.463730937728611,23.496869040676767,-12.158383989438756,9.427873100061777,1.4265099179872367,12.182155732318751,-4.921744108629397,-4.570252708193373,10.496032511531949,3.581023592582322,29.55323148313119,-24.086249544045113,0.436415682563996,-2.5142507859295904,5.325171533071626,10.80257863575207,11.932029764837583,0.6871438343032139,2.288638614728611,-0.3699481651863489,4.832263528945122,5.587705620847827,-3.277697258946872,-1.1206791088441554,-4.844662384028171,-18.99542878432523,-8.68883883004585,12.05765737282606,-12.573326529201706,15.43412178057312,-14.031250886382564,-27.001246575665515,-1.611530165281747,14.647612563286843,0.3629350756265868,-9.98930246640966,-0.9676810028719016,11.261730943277561,-7.236041872769955,7.777201614312302,6.120375369440019,-10.657046987384243,1.0048966322306219,-0.5103690786888029,-0.4373845970397202,5.203568974766349,-13.25403528050579,17.334439300377053,8.311676944629115,-1.821868888586121,-16.11687822507863,0.7537703230473471,8.8502577328274,-11.038131838526173,-4.773760878172849,2.0096834885000976,10.620509163767585,2.237670263967466,4.076390423897335,16.608336232352816,-5.656604858184799,2.4366309291861494,8.29701643309425,-7.941493951480466,6.161191810832121,15.00432707117485,-1.455616850083495,-11.375907011662816,-9.515419038050064,-5.873226205700038,-6.807719693261975,-2.469420562472882
-9.711542182437231,-6.403541364006312,97.28793527519416,5.703135298217023,-3.0365856431731206,18.88285525105491,-8.775740475198567,14.84413330486364,-14.316966813278881,-5.205630150434777,4.933023489295584,7.4838775079076285,-6.588858240042743,6.404100286212659,-5.639824803146411,-2.6184438482880545,-18.040709060537157,10.25617933689371,3.016439576867808,-7.294670578781166,2.9967919170108472,0.7886960278199331,-0.5311756273695439,4.193023821679484,-5.986502509831203,3.4098777564471083,6.170003758204153,-1.2990928770181094,8.77468435488073,-4.170473001700607,12.018145694869439,17.225838294874904,7.765069936607706,0.38957351512533717,10.797998954280356,12.19281588308751,-27.210717880047344,-3.2600196100062395,-10.314857017745995,12.064078624043978,-26.375272245269535,-5.64669883615961,15.654094533179698,0.585525433806796,2.6596079504166004,5.3030466830591365,17.87178121166467,-0.6696152347856428,6.136570454955804,-5.614781382169501,2.885306677408672,8.91224408063407,-5.863315941276313,7.346655442174793,5.9160076493268425,-11.165083493838871,-7.318818989136763,-15.921436816129992,-14.898556293883281,-10.693697819023196,-14.76302079407768,-4.573810568085464,11.003107810376704,4.852555343175524,-0.43924848109390385,-15.79032172196527,-4.761586160782973,4.361065629813189,9.369541906670877,-13.35885909904236,-4.370188077951892,2.6397865928157476,2.024131849178014,-11.826556380292589,-13.97077588130555,-5.153739881289505,-1.8778478043257048,16.851841997907798,-4.551138803459501,13.140132971900329,1.4681134574130608,7.691634131329733,-14.705286948630881,0.4688325701949934,24.694161578792297,1.1439570301894715,12.513072561994207,11.979285564799543,2.0361509081207942,-10.322375935865999,-2.529666057855899,-5.541995617183975,-8.53747609764694,8.714137848888212,-15.781089359810709,-12.769181584963087,-3.0285167117084577,13.339291218915466,-0.8885557633147846,-26.279946106199315
7.867973362110092,-10.145209663144856,5.703135298217023,98.23045753303781,0.957874555690944,-8.12074596162356,4.569220614924346,14.322899547444985,6.842723956325766,-5.9572325446191705,-10.690399183798789,1.0180564236194583,-4.745964742113077,7.126148214220707,3.6475236042475254,-16.44013266816504,-8.610905483213685,4.6217079337700735,15.19507444223419,-9.98998221786185,7.076037041282343,7.13268699466175,0.3373807939445513,0.36461927791660026,-2.546066546408173,-12.163012437628696,2.705535219130009,1.9051627333809917,11.615526222480767,-1.790082727292198,-6.523353936572825,14.029735205778682,-2.5464643647742222,-13.887708902497389,-8.852910555461303,15.956693506902914,-6.154126722539538,-5.354174680538301,17.732198839689776,-7.46855182329594,-6.481933410742007,-0.3227629950117768,-4.511582823748204,3.9129287499742667,-1.6128942958633998,-9.855384273245846,15.723319036038445,-3.9005338618916974,0.9688671411216015,-0.1498979853984379,16.953291314051523,6.6161779580472855,-6.260291305116944,23.730112910359168,-2.0908651788911214,-5.174634806812765,-7.836818376915977,-15.453800890599515,-13.245427585943307,11.698888830069473,10.940330945761467,-25.55820466056259,13.637091671509491,-0.8368834922936124,-1.4736012377511567,-4.8471605465817635,12.26063074976993,-1.0407691268762025,19.4237834099074,-2.208248359410931,-0.5915349132633971,4.351211683975084,-16.617358384986172,-10.575651139883087,0.5843105751736326,13.828237138218897,19.56585040622882,-6.6106940931437945,-3.911421140882295,10.131615790873905,-7.416242082940744,3.7307245248620373,-18.415378708912836,8.171708481494866,12.502722293182925,-2.691938008772741,-3.286764121355549,8.381673936978775,-2.9521023849144514,-17.001961323045517,3.721716426097648,4.850261191829505,-11.840423795866064,10.894637967149924,-0.20224253230842018,6.543911660687554,-2.940483077323756,1.640305973293952,-9.844265074091538,10.137669973111466
6.025685065777475,3.6955141340254527,-3.0365856431731206,0.957874555690944,104.86386461888489,-1.763785403172051,10.621749754741332,14.124083080887694,-1.1873313912301562,1.2434473175059058,12.05495922107949,-6.7029099933528595,-4.7491911368331445,-6.0358289522875195,-23.44984573293543,-4.793404860618975,7.337218702866034,0.7310715861031801,-5.435903141551514,-14.300529028825734,0.502163581790986,-7.931915289961737,11.425594446176087,-5.444352838146447,16.99196471463369,10.989611762718644,-15.335508642940589,2.940873095472139,-8.543030292387117,2.5789512740853073,11.710089203789579,7.665806664400145,-9.234771370820178,-10.111448238545893,-1.7391435206867123,-22.69305435461718,-4.305690990949396,-4.509020582438962,19.76198714166272,-6.5328787831000605,7.0295246553636925,15.901467105267896,1.7370715512322952,-11.40373802956769,-7.687577443699912,5.7854862602508765,12.23076552630813,14.070454441835134,-9.646261558588037,12.094187446512986,1.3838763242341088,-4.551476725554382,6.511140132861895,-3.5042504176760683,-11.712826341948375,4.627224533829902,8.091066132611768,-6.564015941657545,10.577596711064247,1.4358363541265238,-11.597332392337423,-1.7917748220185337,1.3859870890819521,3.1572381795388664,10.755077945514406,-21.101097149754395,3.9355483161072335,3.7946473732092203,-1.5508205859621322,6.45488530490098,5.324726342134045,-0.015286042948664876,-1.1463273144260688,-9.684476135424607,-2.2006397197279024,-5.423850852720879,-4.694215885095495,5.286743857712067,23.024862249879252,-5.140386183160369,-2.449209242740136,3.012735567455374,16.660860870696013,-10.85593851636882,-7.6697156119402035,-4.910240000964756,-19.420510186618632,-11.332863082298699,6.1580775039221365,3.7761956267546433,-13.496178131562553,11.418164222841027,4.338401086585555,8.527434848372756,18.504020632031303,-2.1908463813973125,-5.734826474502121,-3.172637751672961,5.0996278521432385,6.873887903074331
14.43396731573864,-6.9090710766612125,18.88285525105491,-8.12074596162356,-1.763785403172051,131.40973084999948,7.320149101007081,-26.706637214609596,-27.050064642912194,-20.979146886531186,7.336254816404645,19.411014968993346,15.24345378658629,-30.36980944995781,-6.589401824218892,-11.600449989059967,-3.9472538686986973,-19.453828244216886,10.002150092131863,12.238941426332564,0.20097664959568354,-13.439597791346536,3.4381176955291934,13.326614299973489,-15.542604695275344,25.212423617756855,-1.4716373825587656,-25.92911184214725,-10.440893395814873,7.433452793175314,-10.504674527465403,18.846816438298596,13.552701691829387,7.165282708298204,16.108397904759435,-10.357296739496764,-28.130941939256598,8.769890243845044,-4.193887952768429,-1.9771197743643356,-21.350928146184646,19.60866238131774,0.09631290543372138,2.404799136473321,-1.5988201703611835,-6.835146566075275,14.166408935845286,-1.2033739914469015,-5.3655636872532355,-9.170357919087564,1.55449613332306,-1.3434133415610316,-4.469099866855605,18.712352557629796,-5.270338649354052,6.545916494967806,-22.866468943790426,0.808293821006179,4.188253635718715,-12.024772740863035,-10.689881894875422,-4.243497902746798,13.623194235861435,10.430003381975542,-7.904755420726008,-12.049596013457112,-20.337027152279717,-11.1944400918756,-0.3052616240611635,-6.3058552592543755,-13.1463758476679,-1.2011247953596798,13.456317097392686,-14.030417096378518,-13.660110205639993,9.006825544022835,-0.5387738273255371,-3.615305371213193,12.942699004120096,14.513374305330611,-6.633983487662611,8.785413165792729,-2.765017763133857,10.450849339874376,-19.165600740673977,-1.074683336406206,18.532542799726766,12.307553180492137,-11.316867683696204,-16.016623636933854,0.5645145047453438,-5.934010864008671,3.2303581700793194,23.161355658262032,-39.13615753969823,-17.122745028916444,6.532270376801855,-10.249451277291795,-1.2487577145150615,-25.11495476942828
4.4628288253940696,-16.59593602422194,-8.775740475198567,4.569220614924346,10.621749754741332,7.320149101007081,90.91004109476465,-23.2820179524432,-4.157859438427406,-3.396137798110383,0.7575931681034835,-3.670531022816245,-10.803069574551762,-28.10694195570128,-6.1659561603035415,6.47255783143372,-8.355067199142908,8.285852029688547,4.093482278903788,-22.023182773744267,2.8939985367833,-4.443832420722538,-6.355391657290382,18.905488100074884,-2.296362547443364,5.013654848824979,-3.9102283642317825,-19.182300559314044,-0.24979060044515936,0.8171081325883862,3.1092464786352543,5.424216149370081,-18.602624096196926,-9.38623604830667,6.366262055130828,2.2817725060589704,1.4098141801474853,-3.7789151040587656,-14.621834955322793,6.951360274092796,-0.9571190190589688,-1.5106422725620399,-5.293067646791642,-0.5708225130431098,-7.463862253948662,-5.8179875076106935,16.56669417611029,3.866448914505833,5.975704404704401,8.608999287821709,14.20358280979444,5.3698862765084,9.58781837333142,12.726201845915877,-13.306533138362694,-1.348988869485132,20.120234359136177,-10.1702720918346,7.961303279710235,15.121252142997173,-7.467495127349847,-4.422266812757671,-8.905411951226847,0.08854362078169405,-1.9107860475411773,-7.17874570718281,-17.382581809465112,-4.502880268564464,10.292467846037436,-6.295662815717894,-2.6659683320780734,9.544028573255417,-3.294606411249644,5.706432700145002,2.3732343920466787,0.15563022272125077,10.167137505946599,4.261325317859221,-12.025005273841476,-9.883411747863056,-16.902820025977878,15.243957193514461,2.780746899937918,-2.0878613925687883,-12.670322811425935,-2.7440813700840643,-9.009197217300002,-15.641329572494115,7.199475290659659,18.71429390931823,-2.1645167483416485,-2.7470225014720664,1.9371636772810292,-4.95250193558752,-0.7484999258485544,-6.006553996335484,-6.446751045640361,11.02436434917821,4.84413933494868,12.21255657604934
5.209367300552997,2.378207893343318,14.84413330486364,14.322899547444985,14.124083080887694,-26.706637214609596,-23.2820179524432,128.7968121774541,18.30512461755347,0.9236490965192614,-27.79233403927978,-12.038253179513626,10.381225024190677,8.908519266995532,-8.261598220712184,14.487179934381443,-3.025536697630966,6.257606631785614,1.7863841053489096,0.23880059227835282,11.503010965367638,0.5899306890906304,1.5068443185939602,-2.511956511111414,-7.283726984243203,-4.819127899311365,-1.8871976882756074,24.157989137153027,3.483075887148168,0.6252575619063071,4.876964144884801,-13.018008866713382,-4.6612884195346105,-5.445432757494628,-19.358995868751617,20.187255134079376,26.010637121707834,-3.8210946310261256,17.606140634639182,-1.2272015707546817,2.1945465166690945,1.3111465793142936,-8.593710187625483,-2.6442777782975355,-4.641151554933622,-7.836724746898842,18.757854203452005,2.8442622630292367,-16.99085217998717,2.6349649305896494,-2.8897865087684647,25.76979773828706,-20.581076557466513,-14.142976345580298,-3.0257644279457634,20.938689039073445,0.38957319864239953,-25.240806650662943,-15.806092614839212,10.148590386981821,-2.1175593438867275,-12.544311055219973,3.1220444254197086,0.3067363131469631,-21.88875182463735,3.622993969318616,12.929788811373225,13.44152208531446,29.029509980802235,4.810323582008113,7.541508703882537,-3.593154749675342,1.0049223378646126,5.338160667941526,15.422330029534777,-14.296336448244139,-0.8641394938348572,4.105120475956646,-6.6801526628869725,-8.877622136115544,18.76959948528507,-7.67336550668596,-11.544675627249354,-6.150275674067055,5.171803250039507,2.0272824070317244,-16.84192006137918,6.408184519798929,16.837525171453045,-2.379648302263208,-5.9963366206620154,2.7400468510813183,6.955022648803535,7.264508720542018,10.353945018774159,-5.472614841515698,12.661736510073307,-13.31158117546102,-9.121672685715364,0.07696537227534765
3.118540741198855,3.8918157533354507,-14.316966813278881,6.842723956325766,-1.1873313912301562,-27.050064642912194,-4.157859438427406,18.30512461755347,92.25702862217507,10.601836895993712,-4.1897743449022045,-5.432236331471927,-7.242191826976401,14.450440915406084,1.699579519175712,-1.7026416759526537,4.701526813958871,8.128920947001525,7.324614865606677,-10.516645822487817,14.762224914037583,7.953951488781007,-10.167818306237722,-1.1584092258822172,-8.928694690201832,11.336459763403406,-10.652796223553702,-14.95220707072972,-8.220655889726334,-3.3564340209935284,-3.5659952562550283,3.254068210033096,5.3821516266351965,-4.856052279451543,4.8998172923714485,-15.378916413266479,16.16252191073587,0.7231476900331667,-5.405044986256631,-1.6323426886125783,12.380509546751604,-11.13952088283227,0.07425810164233389,2.239865076099728,7.734506717451789,18.65905732485553,-0.17187474467047276,-7.327264847434543,-10.019320188897439,19.816076310480685,14.267904044618398,21.60036385925866,-12.514962577490966,-11.438285245513152,9.825548095077512,-5.928234947154552,4.84017507541215,-2.1114860926242542,-0.6226612987149852,1.2510044742490931,23.852341818268435,-8.103214779486892,-16.878602238273945,2.9959002210863583,-26.5376323879302,-18.59653043355129,10.913523175903244,10.630738707205529,-0.2779082158151927,5.187065646753476,-7.451381834920446,7.670487944771717,-7.313896561642596,4.418355420395488,4.303825458767739,2.1060672191377487,1.1954967755264474,-7.593672277786279,13.091402402249004,-4.788993395881991,0.20871483136313074,0.3871072889691691,-11.68008781480394,5.505134353678257,12.713915662221691,6.618303824454913,-6.264234615155979,4.319403922101073,27.86938120317002,0.20108821892693035,4.808597118165012,6.5252499666443855,-4.357598265988878,-7.48776186299025,13.05910031438497,-8.342319227518255,4.376143982664207,-20.643889640162463,-9.694583897125703,13.278260207733624
-2.4213696531085063,-3.269059705115848,-5.205630150434777,-5.9572325446191705,1.2434473175059058,-20.979146886531186,-3.396137798110383,0.9236490965192614,10.601836895993712,79.24343962593962,12.63416210953958,-18.71187377115311,-15.920857861251609,9.012062507850871,-15.395707064383037,10.207594869167986,11.751228500033246,-13.106891653970347,-5.482072345824088,-6.3077008012762255,-13.690469772440254,2.5594403852227043,-12.745660420932506,-2.523103670980936,-3.630947956229807,-17.917282407554456,-5.444864084600871,-15.036631198279894,6.873321312195852,-10.795245390288642,-2.371898092859353,-6.762087872359248,7.649585983293775,14.495867764558282,-4.3655196870431965,6.872379363470903,-10.841338562656057,2.184709713232027,-8.018189014264463,-0.9170970326879005,3.9457974032873127,-15.60314225932441,-14.335709086977008,-8.410935246585831,0.47631716496659043,-7.138378990976592,-12.828300377723187,-0.0014958136158177058,-4.351402251939755,0.6010882842864661,-8.172803693786387,-10.6985988977667,0.4169502175279484,-2.7185859192808497,18.88782743243056,-3.9042911976575736,5.060363758793783,17.617176597032547,-9.03329968944261,7.632033233810434,4.342662175598027,-11.657722877049093,-8.557527459948325,-1.9162834940259559,-17.72490867285839,0.3586961578116178,-3.1671349804123023,9.5833542003614,15.240762703640629,2.2854875974136837,-3.967124138833109,0.9011469011011779,-0.6880205194697053,7.993331974458216,-2.77567095365336,-7.545580657384994,1.6608025546775913,-19.183701567872316,-36.46093605027194,6.255087992988736,5.492868135756817,-6.1320253034408765,10.540588870717407,17.964422856212316,0.8418233968382873,11.933978806223433,-7.51342823252544,-2.0144398145890015,8.485153890905764,-3.914785913552904,15.126909323928514,0.9955284736493856,7.900136704355607,-10.453460466804874,2.4732112217481816,9.81794004105432,22.877212688576808,1.5897135362347026,-6.238320005935637,-15.31162418045831
6.972552104158518,9.814221226894066,4.933023489295584,-10.690399183798789,12.05495922107949,7.336254816404645,0.7575931681034835,-27.79233403927978,-4.1897743449022045,12.63416210953958,100.19179075869508,-4.4145640470404555,-8.27721282817528,9.740499914632437,-7.127038751054919,2.5196156046584592,15.434588160506408,-9.215285128076696,-12.391066078025869,-16.844088541155006,-13.384265539445426,-6.411735831883772,-26.761912456880605,-11.105249919184601,4.5770192366236815,-6.372030635646065,-1.552354231112777,-5.88779006178506,-7.017757700993506,-11.179371252416464,16.299832145839563,-4.526703376002817,3.875370603468107,9.134594260994014,5.8525764525770505,13.1796046876531,-22.94870008705223,9.50408047270107,-1.8375722443674618,6.925015878341239,-0.6744857569127588,-10.242253394764807,0.6018473496096517,-9.29661627945553,1.024244869678483,9.646819803171695,-12.02862549146319,6.751496377731283,13.111884740828787,7.414028467046797,-7.007823852711852,-16.26859688392642,0.03928955076947543,-24.282898811581198,-11.435728237064811,-0.42243040713886815,12.813808435846315,12.504425850343367,2.4124337449521214,-5.9906802475145895,17.167401745362625,-0.5715814066330291,-20.85634702548121,-18.641042238341356,-6.0267114559119825,0.5846268613839208,-22.665218631530426,3.6632392741265485,-6.384196933123791,-4.483117814939782,7.225269451206168,14.162238625982907,8.781548648250364,-7.908785121625265,-33.4256049398134,4.051196676769481,3.372186186849229,-7.3164323269616105,7.587705812047898,-5.641011440780123,1.4340611591331722,-4.560568518156335,10.478431643026168,2.7258007598797853,2.6100405801657303,7.107638485268421,0.20054492550276762,14.899222110112616,9.372642355034523,-3.3055441463524917,26.423917339684067,7.379919507990751,-2.821367416160286,1.3595946934568381,1.017486314526204,-7.425937480523776,-7.981146676385837,3.2680381122976914,-0.42844979767650193,-21.090767009917503
-0.4172054646807949,8.581266988582035,7.4838775079076285,1.0180564236194583,-6.7029099933528595,19.411014968993346,-3.670531022816245,-12.038253179513626,-5.432236331471927,-18.71187377115311,-4.4145640470404555,108.2609147872898,7.561607004596103,-2.4289110561679483,-12.669213347101678,-5.590280489658203,3.3336834990831385,-5.463849904713638,-4.263291235451327,9.80409147162057,10.840334943532605,5.872893271985967,16.011564833034317,-7.386253160069038,-5.711172141749459,5.458653985910813,9.826269042997062,-9.403370517302466,5.980255384467731,12.676704904257893,-19.604919687100594,10.051363867608947,11.19992936660634,-9.85898780443346,-0.7677045702151974,3.2456041109607945,9.841027582667262,0.28526272771127353,-13.54092624761852,-11.733422851044274,-18.12639585760741,5.474212909647516,11.630851026022517,9.401937029109993,14.794358052372194,13.494451300073312,-3.5768281942269766,5.457763646674475,-8.00151880644677,-0.9878244305114958,-0.5638572582483706,-6.0512699184312275,0.8125869088997848,16.09064216757448,-8.222333140576506,14.822735482765449,0.4065311713422292,16.191504005117867,-10.30433608322657,-5.263821916192625,1.3284829899473547,0.8227039096021352,8.855465006852226,-15.151113679035577,14.074480755842716,-0.2996779927031773,-1.3346391824598762,2.4629664829477917,0.7148616440847303,6.530530521697876,-16.365741541027646,-3.061312684479937,-0.864796586826726,-2.758542546417923,8.784127339759559,18.340220428187912,-3.8770217777993197,18.24887292006069,-7.73687629123115,-0.7803938157685499,-0.13696996378879603,-13.256169749017642,-18.593194998281234,0.9546668790735783,-20.25388844487577,11.408221244592186,9.612735399584023,-1.7052696126724416,-12.305722613634327,-13.268961569002562,-20.924795414937517,-13.108936039176283,-14.025458129233265,-15.8229273257378,-10.947643669419305,-17.395053857762782,-20.79907065449009,-4.455276041714138,13.924406956891588,-2.972027084101238
-3.4056878555109718,-15.87080138233012,-6.588858240042743,-4.745964742113077,-4.7491911368331445,15.24345378658629,-10.803069574551762,10.381225024190677,-7.242191826976401,-15.920857861251609,-8.27721282817528,7.561607004596103,93.22040523672928,4.607986133767753,8.799336281791948,-0.046864921429152086,-19.805761201501085,-6.413338861253737,-0.7994151488083895,4.541033496168459,8.157627938172592,2.001550087832446,3.7797827317692496,7.7426765139458675,10.161103010600785,-2.8016280534763465,21.740261779955862,14.691370825036035,1.612514329688167,-2.79124242690619,5.015819460750507,-6.685862922132209,6.0636213372165235,3.107125522402461,-10.44750482630573,-0.6482831525319266,-1.3365392333536434,-1.3097614609690724,-0.6092448621217569,-10.491357064307056,6.038641434975846,12.147714910329626,13.442175956842487,-4.712992008829655,-6.893746316586081,-27.17904753426957,-10.375485185241136,9.751555373622756,-6.389625150134628,-4.16200718127507,-14.782455490915629,-8.626327788793475,-11.050003059512708,-6.891327472188136,5.589909685045907,11.352281924550327,-3.01995930875392,-12.225176550091883,-3.7875586368836265,8.968445139924693,-6.462462905618355,-6.190720605061397,6.406831998481519,-2.4402245755364915,-4.448475490864734,-1.4631836361048323,-5.897619765413562,-0.825779823618776,-7.793735990308213,6.3247391306055905,4.551215959379182,-3.642480484536078,18.292386097743417,5.051323751108456,4.885956753807446,-3.6592900586228634,-20.246212335521598,3.095856062151837,-7.015713465480093,-18.617202765508402,-5.448696642156525,3.196173054855344,-1.7759205052112823,-6.187133686696513,-16.475658785679816,10.763153426996674,9.737899579433833,-13.06625010235946,-0.36282140867246987,-11.55132930363318,-9.969503452446311,8.470412897015134,-2.458541510822323,0.20313172900882495,-2.5492213565657322,-5.083385519383726,-1.884839785202825,3.9032542097013905,1.7747233019534554,7.128647848054966
-0.7576103418546523,-6.66572976104671,6.404100286212659,7.126148214220707,-6.0358289522875195,-30.36980944995781,-28.10694195570128,8.908519266995532,14.450440915406084,9.012062507850871,9.740499914632437,-2.4289110561679483,4.607986133767753,102.68443980856226,14.035924632987106,-3.410283558179766,-9.968835985881631,-5.920040181286465,-7.455526053779379,-3.6577016152979565,-4.446573227079371,5.69655981471972,0.32897802934583525,-7.4674438034873845,2.2517869688343914,-11.34661302784726,12.851113182138302,-1.746914613018233,10.439785156893743,2.1396883371934106,19.627964967747303,0.7917349394465846,9.917422543614162,-4.361308274958895,-11.183519957283224,-3.2988634346478505,1.9514007215568503,-2.1455964347348497,1.333445546549478,-3.606150380377646,-9.723134392699402,-2.5021037891243405,22.66490931537498,-0.35137770185069644,20.175095775969883,8.474526566185176,2.0104750856076152,-5.578752237057873,-0.36150275129640697,11.007577821774644,11.843191921523234,-5.574049967350542,-7.538250700312202,-8.894899324645204,-9.266731607178373,-12.079796686201533,4.054490323608182,7.271513729492941,-8.851435665102517,2.3609015562049045,7.449229827905097,-8.821644570533355,-6.3648807457801295,-3.825131442436981,-4.346469148630314,-4.487432394166261,7.815377583867786,2.4988053064839724,-16.53704247120833,4.579941029409644,-13.1663589360039,-3.31469936337852,-11.14310670949148,4.224192605855197,-7.865384521173294,13.607442793675304,-23.012039322216214,3.722235607974715,6.7201035646306595,-6.034587224240673,-5.387590441435589,4.969358937503539,-14.698124504995672,-9.379644323955768,-8.578367568175132,14.021851280965514,-2.7327207030792153,-3.661359849838578,-7.524816383206292,-2.9590963347044172,6.621259088695493,12.238139153823663,-26.689514053134282,-2.256072842687192,-6.399294213748372,-18.240864099452583,15.094044030169428,-11.40487096562328,4.085425699884394,4.773559015575082
-6.3451484267392955,6.693425267702248,-5.639824803146411,3.6475236042475254,-23.44984573293543,-6.589401824218892,-6.1659561603035415,-8.261598220712184,1.699579519175712,-15.395707064383037,-7.127038751054919,-12.669213347101678,8.799336281791948,14.035924632987106,97.52585257289047,-1.2044791290461752,-11.595660162026045,0.19071768518849344,-5.31008477352466,-5.314258559494171,-1.1485684378927048,-9.007212390191507,5.57121202960432,3.3390192598382935,-1.6203816917222347,6.030279080060721,3.4435403877843864,7.068887358807775,-6.406195117491262,-5.5882268470333125,18.054585325452717,2.6095650423284504,2.0694845140067266,-7.032063956674781,13.006854349612416,11.43814946913974,16.536797751659478,4.745191908069168,-4.53662117324075,-18.951902759650128,-6.977739881857123,-11.803868322042119,4.6701469003047045,9.349991739107544,-10.217359008629396,0.41280457843520707,-14.230546338146306,3.868268040491346,14.668460672606017,0.8495033271898352,-1.7371606268719704,14.723418532051383,5.752708987542504,9.747984819243621,-7.811542881958616,-1.377938463109756,-6.568826855364957,-4.411359726692276,2.3058048036472427,2.452330884613197,10.612664337244265,-6.424266566278316,-3.311738532358521,1.0945228238631755,5.2988696438649185,-3.2416781632725056,-0.9140303227514553,-9.920160970804902,2.3069764093175764,8.854169109981925,5.352724911054495,11.413491364588385,9.04342363806764,5.186770286424406,6.871086312872957,8.349966919085375,-3.9208773534556847,-5.514115091468376,-5.307319734285182,-1.7230375269684275,-3.0546588689515537,11.33120293226671,1.2552296816236472,-18.39878679784981,23.22253801651879,-8.569468703384382,1.027241941210847,12.790229378660118,2.507547451011238,14.15692616056556,-5.500155490393479,-6.072288898061745,-16.043847940045644,-2.9263828884293215,-11.982198952074937,-12.332741613847546,11.909590630998292,5.902759877921537,0.36015543581536985,-7.813488472483612
-2.031158557433704,-13.010718957657032,-2.6184438482880545,-16.44013266816504,-4.793404860618975,-11.600449989059967,6.47255783143372,14.487179934381443,-1.7026416759526537,10.207594869167986,2.5196156046584592,-5.590280489658203,-0.046864921429152086,-3.410283558179766,-1.2044791290461752,101.89556678276801,0.13031485842001767,-11.38627791260549,-4.001404840895085,-0.9168910664961694,-12.093933871189995,-0.5891089477472639,-7.8513811054986835,-15.700049479155588,-1.506489156527447,-2.976044991941465,-1.6673904412141736,8.88099676459434,-6.9160928127468875,-6.683849238744784,6.5252974354562845,-25.443612304615204,0.29402927732791695,-0.5146624620280645,7.358597275588484,27.28559473636017,1.3313070702748038,-21.616256883854234,-7.539533273957055,17.475899224222335,23.2832800285194,-8.302432744947737,-4.820178387805232,3.3047658854881243,1.402246023969254,-14.935828581132794,9.925383581974392,-11.611358160492795,-7.789883060315945,-18.65019513235926,-4.921569046356957,0.526750910638702,-11.846382858074358,-3.6074185120358946,-3.9424492659002928,6.990306536498395,-9.326763220191399,-2.9553151995796205,13.086894757582794,19.77372593920607,-13.113847670726871,-6.796770207761174,-2.6416106471626635,13.791280809329402,2.9383977191379977,10.495156338279404,5.400230588129498,8.873856412216238,-9.348127345180739,26.950750463683608,0.030858956992702677,6.916584754174029,15.549463394977261,11.97316472575211,-4.61371897236381,5.381287690536139,3.025530304965581,-0.24444299064996103,-5.928246869206623,-1.130364564924017,11.773469422472523,-3.6144174630645205,12.059854383366387,-2.9035086728465322,0.0887862940464382,3.780542880638144,-5.1676236892149925,-7.855525273003286,8.582448730138129,21.02296895547309,1.0820187495973441,11.308621815435975,6.205197833438755,-3.1552285553486437,-5.0539012149418365,15.358438105543474,6.534889631724624,2.802326048462986,0.062495891507809466,1.487567946326031
13.059469289658564,7.555067915099231,-18.040709060537157,-8.610905483213685,7.337218702866034,-3.9472538686986973,-8.355067199142908,-3.025536697630966,4.701526813958871,11.751228500033246,15.434588160506408,3.3336834990831385,-19.805761201501085,-9.968835985881631,-11.595660162026045,0.13031485842001767,90.5446625724551,-10.80890832304077,2.5389912873857248,1.9795545949763649,-20.8559306530104,1.5375023781003627,7.536479685126451,-15.074500013072093,8.23561542549728,9.386850639239233,-9.517957585999747,0.8179475884851024,-18.274234996320132,-3.655758185899203,-4.855581255496097,6.877909733654751,-20.17864422334834,9.788002118930317,-3.671668682988117,-4.097867227338482,9.806397410357048,8.291502387211189,-11.086487472210557,-13.31424812046161,6.738752196756472,7.6317135605215025,-2.7010319574474515,-3.786988135668926,12.932215706062369,-8.592379620240163,-8.486317525862512,-11.640280547347226,-13.380053500652776,5.660939462529506,-11.637498948668757,10.500521968212137,-1.1570124148090173,-15.402219366718258,4.548463951609196,-5.364546514650203,6.933889091484276,7.837357129025865,-11.990146664501054,-0.7795770115456783,11.127634682592191,17.881708360590622,-6.6912492373905135,0.8834952470286139,1.1754957762996492,9.975536037876552,-12.603516918615057,-3.1023050661632596,11.660265057781599,0.7969010372795323,14.866329889185842,4.17456918036591,7.48934359230808,-14.046150633443492,15.619418097391737,11.851647398666197,2.4626979710461194,5.339041184291795,12.437083218988295,5.691965287802155,12.224181799308727,-8.605982910334776,29.36245119198455,-5.047955983162406,1.0412553860089044,-4.959964002596086,-10.004994619695841,-4.126551776945416,-4.550137080138091,2.342011227071955,-13.583849806422515,-7.6603898920961,-0.6498146515054054,11.866895791837164,15.811497068563133,17.112215204721796,9.952871692089076,5.0027930957963225,-8.678394579438153,-12.231376180820815
3.730911839970297,11.28555518410393,10.25617933689371,4.6217079337700735,0.7310715861031801,-19.453828244216886,8.285852029688547,6.257606631785614,8.128920947001525,-13.106891653970347,-9.215285128076696,-5.463849904713638,-6.413338861253737,-5.920040181286465,0.19071768518849344,-11.38627791260549,-10.80890832304077,105.42676399670886,7.511029057662848,8.024404606793754,14.109138835750432,-5.342985593683887,6.470749347150413,-9.181950947058022,15.08594256730521,7.870899734423781,-0.46086673347152773,11.105106576016642,-0.5500512629033808,10.925917248599058,1.253012551022433,-4.708603418141904,6.110456108233207,1.8539432771609192,-5.83273179708186,-18.92031275860672,-0.5133815798914474,5.847513913909186,-1.9842136698798014,9.672111857051181,20.088305548259793,-21.579063409224954,1.755840091523198,-5.808024544794779,5.912495586686732,0.43417702862972424,9.128374275398674,-7.59680678779824,13.052333386172558,3.9910310177518586,-0.12486480788550779,11.167280120340367,-6.179002917696104,1.731015471529499,-4.336934311822943,-11.498457354851423,-3.9011010657183784,-27.580377135255763,-12.732399349831734,-3.288835983423329,-3.2106960890313267,13.908220105279364,7.788785812372709,8.162530834191648,-1.2836587645637534,-5.362877609510947,3.8218065451562118,2.482504463914654,-8.909378212092047,-7.685358164791116,11.228421933671171,-5.058839103747655,-14.136204920353292,6.587047400283096,-0.8486172626679941,2.871969288922727,8.401839684883512,-6.254151019506396,10.652658744391186,4.230428374425807,-17.28364904404379,10.610898353373125,-2.3765448783987417,-2.2251210482395702,6.922833649710431,-13.911063509957458,-15.765958328310337,15.044628250841372,14.87139617455961,-2.379921894782319,-13.419232825738323,-7.985712589227907,2.2018061493301957,-12.66065790419792,-0.20146193568138385,7.091202141781866,-15.66763568215559,11.709285017450794,5.380267279802265,14.201391496608302
0.9550209872151985,-13.397821668244573,3.016439576867808,15.19507444223419,-5.435903141551514,10.002150092131863,4.093482278903788,1.7863841053489096,7.324614865606677,-5.482072345824088,-12.391066078025869,-4.263291235451327,-0.7994151488083895,-7.455526053779379,-5.31008477352466,-4.001404840895085,2.5389912873857248,7.511029057662848,109.54619346651383,10.568232511772408,-10.509294377208123,-6.975102581252721,-18.288700938614383,-8.710945657198593,16.874552869613993,12.81371433615534,10.794109483659433,-9.370391336154658,1.767671186061893,3.773016578782723,12.003196159662648,-0.6365675072127325,-0.9343753663338158,-10.878317233443509,-4.215482354590173,-5.243910250551234,3.919069976188834,-7.028880950654105,1.9069852967430099,12.910561928193298,-3.7788723813984846,-4.5565562150593815,1.766343103092929,-15.634994641142798,-0.6709685466801282,-7.884479125036232,9.961844829222134,-11.811691398141676,8.892974974317081,3.5108808529105295,-0.9765772247303992,-12.029372217294725,14.484328687052624,16.090498553614367,3.63740145557257,22.792920118745123,-6.366122215298454,-8.866758801318445,-4.7715743847849925,-12.082817550967613,5.145823837783661,-12.141699574004262,-14.617110030139116,31.101442196124808,-1.2118837387436554,13.976528524610835,-4.29824918272867,-13.153963238243788,6.551270635862858,7.27390015563709,-13.538956564714713,7.5185915188654295,6.736606543537398,-4.842524190874932,-9.15931017456428,-12.045367908963572,6.693676301732587,13.77776886443333,15.830463550601797,0.5643099508800582,-14.128353572884203,10.152167555808212,11.169973900138604,1.9679899516054522,4.300675435398013,-5.955219406972235,-15.780621427518149,-12.435011750573516,7.996836797665505,9.836599719539215,-2.2921639620719914,-1.9351141251483719,-5.018251285403678,13.112791830607522,19.739576410106004,-8.010630606188961,12.698938034084081,-9.401873949814862,2.6970696876574367,25.56669498638357
-2.9327565537326525,0.9604788203570475,-7.294670578781166,-9.98998221786185,-14.300529028825734,12.238941426332564,-22.023182773744267,0.23880059227835282,-10.516645822487817,-6.3077008012762255,-16.844088541155006,9.80409147162057,4.541033496168459,-3.6577016152979565,-5.314258559494171,-0.9168910664961694,1.9795545949763649,8.024404606793754,10.568232511772408,118.3797832957547,-6.6059885723344935,-15.106569297239737,12.226985147631124,-7.607294403036669,9.93758534773507,-0.5890067645654202,3.1322871262953758,1.0839391884391614,4.649745869729363,6.857086861123772,5.41913492648515,-29.761069750131885,15.74096134344508,1.6168891800518292,-21.991020752656706,-15.679017665025428,9.365530887310427,-4.825620274669234,1.5908323447687676,1.9150549276410882,23.174128644652995,-3.069494952157484,-11.102023560680237,-16.917661335910637,17.423454272600544,-18.656292023785152,-16.580727043976026,8.166654440396119,-11.499134866554646,-11.4130278391201,-3.2636404390617404,-11.922896646103359,4.165059029506382,12.47341314612949,13.204640482950921,-1.925910077863672,-23.078302034657607,17.70668030639651,-5.031138317045596,-13.85616835657481,9.278117786065033,22.917367485502442,11.815757761444795,-7.6471883475877,2.834584386320053,13.027483733378643,19.061238970270857,5.420649514701503,-6.636888992828798,10.232048820214947,4.930798421778504,-14.58853083720869,2.3725128736385703,1.2138459416090757,-10.709772145532787,5.1225641088587635,-19.549320552281173,-16.724167480135126,7.76907540622504,20.587468945877646,11.464085988181912,-0.9740764782762471,-8.572126905325026,18.55521969695957,-30.153011369272956,6.336298780413511,11.14066655695124,-3.8255695547571023,-29.083365360487864,-4.7403248157910545,13.068223281372239,-14.219203619352564,9.065769325396776,-14.273529553268094,-8.463283985528394,3.2734417802394913,-3.2927241452250646,-3.459188729308852,13.431842494714235,-8.571702103676387
0.06548968853211042,5.990926647191689,2.9967919170108472,7.076037041282343,0.502163581790986,0.20097664959568354,2.8939985367833,11.503010965367638,14.762224914037583,-13.690469772440254,-13.384265539445426,10.840334943532605,8.157627938172592,-4.446573227079371,-1.1485684378927048,-12.093933871189995,-20.8559306530104,14.109138835750432,-10.509294377208123,-6.6059885723344935,84.25953609856755,17.199042577836334,-5.6783619023854595,1.4322150382274774,-18.120480402920393,1.9526699117487198,-8.163164555504338,-8.091243843186316,-9.21447228679532,0.6148350853051603,-3.711732046991682,10.02720728574544,8.870344729626405,11.038259441338266,14.389405546857093,-11.22842167201692,0.6876818850767137,-5.5036704982276845,6.083782946165436,19.361576657995183,-19.163450307418234,1.596687030697646,1.4401405638215232,11.819471166512345,8.4198754034607,18.999296044828824,-7.16250963383081,4.1473345282080425,1.2171538455625694,1.2035248702522567,-9.01669702626388,15.481786030059704,-3.808232552640998,4.131637932512581,5.827767782135561,-11.853428125898521,8.742051121477159,-15.96878352589412,-12.03178416474805,-10.276166264629873,-6.042205194464023,-15.510122436325966,8.481035024157926,0.6386081694117421,0.9607232228320601,-10.06988962147854,5.696894617041839,-3.9767584483973675,-6.887960858270194,-15.196484962096806,-3.7332437081899643,-7.577395970660116,-0.7513879012161099,-6.245650810954819,14.220450935290147,13.504315825211291,15.11978442974695,7.283123446123359,9.487037266938366,-9.69542591522982,0.8869560414898529,-2.181219690901351,-23.35983774877163,0.5462921626556164,13.208853861884275,-5.826192412286619,13.577795384945707,21.534476576731265,25.533183014265735,-1.6329263589610956,1.8414310691438016,10.623206523192898,1.3421637489847267,1.8744009969151239,2.313059385953257,-1.340185946979999,-6.018048674337658,0.07759286717476611,-5.305515474654675,1.9736689045200464
